543
543
643
632
633
643
632
633
533
533
643
643
633
532
533
532
642
632
632
633
632
532
532
533
532
542
632
643
643
643
642
642
310
321
310
310
310
410
410
310
311
210
310
310
410
310
421
210
310
310
310
311
410
410
421
321
310
321
310
410
310
310
420
310
210
432
431
421
531
531
531
431
210
310
531
531
531
631
531
320
210
210
321
421
421
421
421
321
310
421
421
421
422
421
421
321
321
543
532
421
421
531
632
532
320
321
642
632
632
742
753
531
210
321
432
533
633
632
532
421
210
431
632
632
632
532
432
321
310
643
632
632
642
742
743
532
310
421
632
632
632
742
743
420
210
320
532
643
642
642
532
421
310
632
843
732
632
532
422
311
410
643
521
510
631
632
632
421
310
422
642
642
742
732
742
421
210
210
421
632
632
632
632
521
420
742
953
832
631
532
421
311
310
643
531
521
632
642
632
421
210
421
531
531
631
631
642
521
210
210
421
632
632
632
532
521
420
853
953
842
731
632
431
210
310
643
632
521
632
632
531
521
210
321
421
531
642
642
743
532
311
210
421
632
632
531
521
421
420
853
953
952
742
642
431
210
310
642
743
631
742
753
642
532
311
210
310
310
310
320
310
310
311
210
310
410
632
632
421
421
310
743
963
842
742
642
421
210
310
532
632
520
631
632
632
632
311
321
421
421
531
542
532
432
321
311
310
410
531
632
521
532
310
642
743
631
632
532
421
321
310
532
642
631
742
742
631
743
411
421
531
631
742
742
631
531
211
211
320
421
531
632
421
422
210
321
410
410
310
311
311
311
311
532
642
631
742
842
632
742
310
421
531
742
852
853
642
632
210
211
320
421
531
531
421
421
311
311
310
421
321
321
311
311
311
643
642
631
731
853
632
632
311
422
531
531
631
753
632
521
311
311
310
420
531
631
521
421
421
532
632
743
643
532
421
311
411
754
742
731
741
853
742
521
310
422
531
531
631
742
742
532
311
311
310
421
632
632
532
521
421
743
742
853
642
532
321
210
421
854
732
631
631
853
742
532
310
321
421
531
631
632
632
421
310
311
311
532
642
532
532
421
521
853
842
842
531
421
321
211
310
743
632
631
631
842
642
531
310
422
431
531
631
642
743
521
310
311
321
532
532
531
521
420
521
954
853
842
631
421
321
211
311
754
521
620
731
743
632
421
321
421
532
531
642
742
753
532
310
310
310
532
521
632
532
421
531
632
842
842
631
532
321
211
311
643
531
631
631
743
743
532
210
321
531
531
631
631
642
421
321
311
310
532
521
632
532
521
521
642
842
742
531
532
321
210
311
532
631
742
631
731
642
421
310
321
421
531
520
631
742
642
310
311
311
532
531
632
532
521
421
742
852
731
631
532
321
210
311
421
521
742
741
742
632
410
310
321
421
631
621
742
742
742
310
311
321
532
631
632
532
521
420
753
853
731
631
532
321
310
311
421
521
631
742
742
632
421
210
321
421
632
631
742
731
631
310
311
311
532
521
632
532
531
410
853
953
731
531
531
321
310
311
532
632
742
742
742
632
532
210
210
421
632
742
853
742
642
310
311
321
532
532
632
532
421
420
853
953
731
632
531
421
310
310
421
632
742
743
743
632
532
211
210
421
531
742
853
853
743
310
311
321
432
532
632
532
410
420
742
853
732
632
532
532
310
210
321
531
531
531
632
532
421
321
210
532
521
632
742
842
632
310
321
321
422
532
632
532
410
410
631
732
631
632
532
532
310
210
421
320
421
310
310
310
310
311
321
421
531
632
632
521
632
310
321
311
421
532
632
532
310
310
531
742
631
531
531
432
310
411
643
643
643
432
421
422
422
310
422
532
632
742
742
632
632
311
321
311
421
421
521
421
310
310
532
642
631
632
532
532
311
410
743
643
643
532
532
532
522
310
532
632
632
732
631
632
632
211
221
210
310
410
421
311
210
210
532
742
742
642
632
432
210
410
743
632
531
531
532
532
522
310
421
631
732
732
631
631
642
211
221
320
532
531
632
422
211
210
532
742
742
531
531
421
311
420
643
642
532
532
532
422
421
310
421
632
743
743
632
531
532
210
211
421
753
743
754
543
321
210
532
743
843
642
532
421
311
310
421
421
320
321
421
310
310
310
421
532
632
632
642
532
532
210
311
321
642
632
632
532
321
210
421
632
743
743
532
421
310
310
320
310
310
310
421
310
311
310
321
321
410
420
421
421
421
310
310
310
320
310
410
420
320
310
310
410
420
420
310
310
311
532
532
543
542
632
642
632
643
543
543
432
532
532
532
532
532
532
532
532
532
632
632
532
542
542
532
632
643
642
531
532
642
