257
257
257
257
257
257
257
357
257
368
257
258
368
379
368
257
356
256
256
257
257
257
257
268
257
257
256
257
257
257
258
258
257
257
257
257
257
257
257
257
257
257
257
258
268
268
368
257
256
256
256
257
246
257
368
268
257
257
256
257
257
257
368
368
267
257
257
257
257
257
257
257
257
257
257
268
268
368
368
257
257
257
257
257
247
257
368
268
257
257
256
256
257
257
258
257
368
367
257
257
257
257
257
257
257
257
257
257
258
267
257
256
257
257
378
368
257
257
268
257
257
257
257
257
256
257
257
257
368
368
257
257
257
257
257
257
257
257
257
257
268
257
256
256
257
258
379
379
257
257
257
157
257
268
257
256
256
257
257
257
368
368
257
257
267
267
257
257
257
257
257
257
268
257
257
257
257
257
379
368
257
257
257
257
268
368
257
256
256
256
257
257
268
368
257
257
368
368
257
257
256
257
257
257
257
257
256
256
257
257
368
257
257
357
256
257
368
379
267
257
257
256
257
257
268
258
257
257
379
379
258
257
257
256
257
257
257
267
257
257
257
257
267
257
257
357
256
256
268
368
257
257
256
256
257
257
257
257
256
257
268
368
368
157
257
257
257
257
257
368
268
257
257
256
257
257
257
257
257
257
378
379
257
147
368
368
257
257
257
257
257
257
368
368
368
157
257
257
257
257
257
368
257
257
257
256
256
257
256
256
257
257
267
267
257
257
368
358
257
368
257
257
257
257
368
368
368
257
257
257
257
257
368
257
257
257
257
257
257
257
257
257
257
257
257
257
257
257
257
257
257
368
257
257
257
257
257
257
368
257
257
257
257
257
368
268
257
257
257
257
257
267
257
257
257
257
257
257
257
358
257
257
268
379
257
257
257
257
257
257
368
268
257
257
257
257
368
368
257
368
257
257
257
268
257
257
257
257
257
257
257
357
257
257
267
368
257
257
257
257
257
257
368
368
257
257
257
257
368
368
257
258
257
257
257
267
257
257
257
257
257
257
357
357
257
257
257
257
257
368
267
257
257
257
358
368
257
257
257
257
358
257
257
257
257
257
368
368
257
157
257
257
257
257
257
257
257
257
257
257
257
368
267
257
257
257
257
368
257
257
257
257
257
257
257
257
257
257
368
368
267
257
257
257
257
267
257
257
257
257
257
257
257
368
258
257
257
258
368
257
257
257
256
257
257
257
257
257
257
257
379
379
258
258
368
257
258
268
268
257
257
257
257
256
257
368
368
257
257
257
368
257
257
256
256
257
257
257
258
268
257
257
368
369
258
257
257
257
258
368
268
257
257
257
257
257
257
268
368
368
257
257
268
257
257
257
257
257
257
257
257
268
257
257
257
268
257
257
257
257
257
379
268
257
368
257
257
257
257
257
368
368
257
257
257
257
257
257
257
257
257
257
368
368
257
257
257
357
257
257
257
257
257
368
257
257
267
257
257
257
257
257
257
257
257
257
257
257
257
368
368
257
257
257
268
257
257
257
257
357
257
257
257
257
257
368
257
257
257
257
368
257
257
257
257
257
257
257
257
257
268
479
368
257
257
257
257
257
257
257
257
257
257
257
257
257
257
257
257
257
257
268
368
257
257
257
257
367
257
257
257
257
268
379
268
257
257
257
267
268
257
257
257
257
257
257
268
257
257
257
257
257
257
368
368
257
257
257
367
368
367
257
257
257
269
379
257
157
257
257
267
368
268
257
257
257
257
368
368
268
257
256
257
257
257
268
268
257
256
257
268
379
369
268
146
256
268
379
368
257
257
257
257
257
257
257
257
257
257
368
369
258
257
257
357
257
157
368
257
258
256
257
258
369
268
268
257
257
268
379
368
257
257
257
257
257
268
257
257
257
257
368
368
258
257
257
257
257
268
379
257
257
246
257
258
379
268
268
257
256
268
368
258
257
257
257
257
257
257
257
257
257
256
257
368
268
368
257
257
257
368
379
257
368
256
257
268
479
369
268
257
256
257
257
257
257
257
257
257
257
368
257
257
246
257
257
268
258
257
257
257
368
379
268
257
368
257
257
257
379
268
257
256
256
257
257
257
257
257
257
257
368
368
257
257
257
257
368
268
157
246
257
257
368
368
258
257
379
256
257
257
368
268
257
256
256
257
257
257
257
257
257
257
368
368
257
257
257
257
368
368
268
257
257
268
268
368
257
268
379
256
367
257
368
368
257
257
257
257
257
257
257
257
257
257
368
368
257
257
257
256
257
368
268
257
257
268
368
368
258
368
379
256
368
257
257
257
257
256
256
367
257
257
257
257
257
257
257
368
257
257
257
367
368
379
257
247
257
268
268
257
257
368
379
