732
310
321
321
311
311
211
110
210
321
311
211
210
210
210
311
211
211
211
221
211
221
321
311
311
311
211
211
211
310
311
643
732
420
431
432
421
421
431
431
421
422
211
211
321
321
321
321
421
421
321
321
321
421
532
532
432
432
432
421
421
421
310
532
743
310
321
522
532
532
632
742
643
532
221
321
532
532
421
422
532
532
532
532
531
531
632
632
531
532
632
531
531
532
310
431
633
321
432
532
632
632
732
842
742
632
310
321
642
732
631
531
531
531
532
532
531
532
632
632
631
631
741
631
631
743
420
643
643
320
421
632
732
832
842
952
842
631
310
420
742
842
842
842
742
742
741
631
631
731
631
631
631
731
842
742
843
843
410
633
632
310
420
631
843
953
A52
A52
953
742
410
310
632
842
842
952
842
842
942
952
953
953
842
731
742
732
742
742
742
632
410
632
632
321
421
521
632
742
852
953
742
642
321
321
532
742
853
953
731
731
842
843
953
853
742
631
532
532
532
532
532
421
310
532
533
221
221
210
310
321
321
320
310
311
211
211
322
421
521
521
432
421
421
411
411
421
321
321
210
210
210
211
210
210
320
542
632
321
321
421
521
521
421
421
421
432
422
421
422
422
421
321
421
421
432
432
432
421
320
310
310
221
211
210
321
321
321
632
632
321
421
532
632
631
531
531
521
521
521
521
521
532
531
521
531
531
532
532
632
532
532
632
532
422
311
421
643
532
421
531
532
320
421
632
732
631
631
531
632
631
631
631
631
631
631
531
631
631
631
631
631
631
631
632
632
422
421
632
853
632
410
632
632
320
421
632
732
731
631
631
631
631
631
631
531
632
632
631
521
521
521
631
531
531
632
631
532
421
310
631
742
532
310
632
632
320
321
632
732
631
631
632
320
420
421
421
421
421
532
532
532
532
532
532
532
532
532
421
421
321
310
531
753
542
320
532
632
320
321
532
531
421
421
421
210
311
321
321
211
311
321
321
210
311
311
321
321
321
321
321
210
221
210
320
421
321
210
532
632
310
211
321
310
210
210
211
211
211
211
211
211
211
211
311
211
311
311
311
311
311
211
311
321
221
221
321
311
221
321
532
632
310
110
211
110
110
211
212
311
311
211
211
321
311
211
211
210
321
311
311
321
311
210
311
311
211
211
211
210
211
311
532
533
210
320
521
520
420
531
531
211
532
531
631
531
532
410
521
531
521
632
742
631
731
842
731
632
632
632
642
531
532
420
532
633
321
532
743
742
742
642
743
321
532
631
632
632
643
632
843
753
742
742
742
732
842
953
842
521
632
631
631
531
632
421
532
532
310
532
742
742
742
631
642
321
642
742
853
843
743
632
732
742
631
632
742
742
853
853
742
632
742
631
631
632
632
421
532
632
310
531
632
731
732
631
742
321
531
742
842
731
632
631
631
642
631
521
621
631
732
742
732
732
742
732
732
742
632
421
533
643
310
431
632
631
732
531
521
210
421
631
742
631
531
531
531
531
531
531
632
632
632
531
521
531
632
732
732
743
632
311
532
643
310
431
642
632
642
531
421
211
421
531
631
531
531
421
531
532
532
421
421
421
421
421
532
421
532
632
632
632
532
321
432
533
210
210
421
421
432
322
321
211
321
421
421
421
422
321
421
421
321
321
321
321
210
211
211
321
422
532
421
421
421
310
532
633
311
210
311
310
211
210
110
212
321
321
320
211
211
211
311
321
211
211
211
211
211
211
221
311
211
321
210
310
310
310
643
642
321
432
532
632
521
421
531
632
632
742
643
532
531
532
521
421
431
421
421
421
532
532
421
221
421
521
531
422
210
321
643
632
310
532
632
742
632
632
631
742
631
631
731
631
742
742
742
632
743
742
632
631
631
732
631
211
421
531
532
422
210
321
632
732
310
531
521
742
632
642
631
842
731
842
842
843
953
853
842
842
842
731
742
742
742
843
631
221
521
531
531
532
421
421
632
633
310
432
421
642
532
632
632
742
631
742
742
732
732
631
631
732
631
631
742
742
743
743
631
210
521
631
531
532
321
320
632
633
310
422
421
632
411
421
521
532
420
531
642
631
632
531
631
521
631
742
742
632
642
742
631
321
743
742
631
532
321
310
632
742
310
431
531
632
521
531
631
743
632
742
742
742
742
732
731
631
631
631
521
520
631
632
531
321
743
742
632
643
421
320
632
632
321
431
642
742
642
642
742
633
522
632
632
732
843
853
843
754
643
532
421
421
532
421
320
321
743
743
743
643
321
321
632
532
211
210
321
310
421
310
320
221
211
211
321
321
321
321
310
311
311
311
311
321
211
211
211
210
410
410
410
321
210
221
532
